maptype = VERTICAL
intVerPrint = O
proportion = N
drawRealNames = 1
colorobject = BLACK
colorreticulation = MAGENTA
coloredge = BLUE
kt = 12
drawRetic = 2
n = 47
et = 343508,344016,11640,304469,11335,336671,391650,930322,11543,11927,20418,296344,11230,454004,11394,3602932,732543,349302,48543,567188,151920,552536492,2564972,46404,565652,599560,599563,217159,297843,341476,804820,10190795,1051098,154656,505125,1127552,950102,3377784,556542,556544,45542,217136,38924,439290,142104,root,Root
aretes = 2,48,3,49,4,50,8,51,7,51,5,51,51,52,6,51,15,53,9,54,54,53,10,54,16,53,11,55,55,56,12,55,13,57,56,53,57,56,14,57,17,53,42,58,58,59,43,58,59,60,44,59,45,60,39,61,61,62,40,61,60,63,62,60,41,62,28,64,64,65,29,64,25,66,26,66,66,65,27,66,30,67,65,68,67,65,31,67,32,69,69,70,33,69,70,71,34,70,71,72,35,71,36,73,73,74,37,73,72,68,74,72,38,74,21,75,75,76,22,75,76,77,23,76,24,77,20,78,18,78,47,80,68,63,77,68,78,77,19,78,48,1,49,48,50,49,52,50,53,52,79,53,46,79,63,80,79,80
longueur = 1.000000,1.000000,1.000000,0.999988,1.000007,1.000026,1.000013,1.000026,1.000010,1.000000,1.000058,1.000000,1.000056,1.000000,1.000000,1.000000,1.000000,1.000044,1.000000,1.000000,1.000023,1.000000,1.000000,1.000000,1.000016,1.000000,1.000014,1.000000,1.000000,1.000000,1.000004,0.999997,1.000000,1.000000,1.000011,1.000000,0.999994,1.000013,1.000019,1.000013,1.000000,1.000007,0.999994,1.000000,1.000000,1.000000,1.000000,1.000000,1.000000,1.000000,1.000000,1.000000,1.000000,1.000000,1.000011,1.000000,1.000000,1.000000,1.000000,1.000000,0.999997,1.000000,1.000014,0.999994,1.000013,0.000050,1.000007,1.000014,1.000023,1.000013,1.000000,1.000000,1.000000,1.000000,0.999995,1.000012,2.000000,0.500000,0.500000
hgt = 16,53,54,53,59,60,45,60,18,78,19,78,27,66,26,66,16,53,56,53,78,77,24,77,64,65,66,65,17,53,16,53,77,68,72,68,15,53,17,53,6,51,5,51,7,51,6,51
hgt_reels = 16,53,54,53,59,60,45,60,18,78,19,78,27,66,26,66,53,81,56,53,78,77,24,77,64,65,66,65,17,53,53,85,77,68,72,68,15,53,53,88,6,51,5,51,7,51,51,91
hgt_valide = 4,4,4,4,4,4,4,4,4,4,4,4
hgt_sequence = 1,1,1,1,2,2,2,3,3,4,5,6
root=47