ici
Root_existance = -1
(1) - A
(2) - B
(3) - C
(4) - D
(5) - E
Liste des branches :
1-6 --> 0.027661
2-6 --> 0.027661
3-7 --> 0.006730
4-7 --> 0.006730
7-8 --> 0.030478
5-8 --> 0.037208
6-9 --> 0.085399
Fin de la liste

 n=5 , i max=10 , kt=7

6-->3
deg2=-1 , deg1=-1
 0.027661	 0
 0.027661	 1
 0.006730	 2
 0.006730	 3
 0.030478	 4
 0.037208	 5
 allole 

 NOM	 1
 NOM	 6
 NOM	 2
 NOM	 7
 NOM	 3
 NOM	 7
 NOM	 4
 NOM	 8
 NOM	 7
 NOM	 8
 monde 
0.000000 	0.055322 	0.226119 	0.226119 	0.226119 	0.027661 	0.219389 	0.188911 	0.113060 	
0.055322 	0.000000 	0.226119 	0.226119 	0.226119 	0.027661 	0.219389 	0.188911 	0.113060 	
0.226119 	0.226119 	0.000000 	0.013460 	0.074416 	0.198458 	0.006730 	0.037208 	0.113060 	
0.226119 	0.226119 	0.013460 	0.000000 	0.074416 	0.198458 	0.006730 	0.037208 	0.113060 	
0.226119 	0.226119 	0.074416 	0.074416 	0.000000 	0.198458 	0.067686 	0.037208 	0.113060 	
0.027661 	0.027661 	0.198458 	0.198458 	0.198458 	0.000000 	0.191728 	0.161250 	0.085399 	
0.219389 	0.219389 	0.006730 	0.006730 	0.067686 	0.191728 	0.000000 	0.030478 	0.106329 	
0.188911 	0.188911 	0.037208 	0.037208 	0.037208 	0.161250 	0.030478 	0.000000 	0.075851 	
0.113060 	0.113060 	0.113060 	0.113060 	0.113060 	0.085399 	0.106329 	0.075851 	0.000000 	
