
23
A      0.00000  0.05532  0.22612  0.22612  0.22612  0.45908  0.73021  0.73021  1.48437  1.48437  1.48437  1.48437  1.48437  1.48437  1.48437  1.68010  1.68010  1.68010  1.68010  1.68010  1.68010  2.25844  1.25849  0.02766  0.21939  0.18891  0.11306  0.22954  0.66074  0.36510  1.48060  1.36426  1.30387  1.26933  1.33822  0.99970  0.74218  1.60301  1.67634  1.64048  1.52015  1.44662  0.84005  1.12922  1.12927
B      0.05532  0.00000  0.22612  0.22612  0.22612  0.45908  0.73021  0.73021  1.48437  1.48437  1.48437  1.48437  1.48437  1.48437  1.48437  1.68010  1.68010  1.68010  1.68010  1.68010  1.68010  2.25844  1.25849  0.02766  0.21939  0.18891  0.11306  0.22954  0.66074  0.36510  1.48060  1.36426  1.30387  1.26933  1.33822  0.99970  0.74218  1.60301  1.67634  1.64048  1.52015  1.44662  0.84005  1.12922  1.12927
C      0.22612  0.22612  0.00000  0.01346  0.07442  0.45908  0.73021  0.73021  1.48437  1.48437  1.48437  1.48437  1.48437  1.48437  1.48437  1.68010  1.68010  1.68010  1.68010  1.68010  1.68010  2.25844  1.25849  0.19846  0.00673  0.03721  0.11306  0.22954  0.66074  0.36510  1.48060  1.36426  1.30387  1.26933  1.33822  0.99970  0.74218  1.60301  1.67634  1.64048  1.52015  1.44662  0.84005  1.12922  1.12927
D      0.22612  0.22612  0.01346  0.00000  0.07442  0.45908  0.73021  0.73021  1.48437  1.48437  1.48437  1.48437  1.48437  1.48437  1.48437  1.68010  1.68010  1.68010  1.68010  1.68010  1.68010  2.25844  1.25849  0.19846  0.00673  0.03721  0.11306  0.22954  0.66074  0.36510  1.48060  1.36426  1.30387  1.26933  1.33822  0.99970  0.74218  1.60301  1.67634  1.64048  1.52015  1.44662  0.84005  1.12922  1.12927
E      0.22612  0.22612  0.07442  0.07442  0.00000  0.45908  0.73021  0.73021  1.48437  1.48437  1.48437  1.48437  1.48437  1.48437  1.48437  1.68010  1.68010  1.68010  1.68010  1.68010  1.68010  2.25844  1.25849  0.19846  0.06769  0.03721  0.11306  0.22954  0.66074  0.36510  1.48060  1.36426  1.30387  1.26933  1.33822  0.99970  0.74218  1.60301  1.67634  1.64048  1.52015  1.44662  0.84005  1.12922  1.12927
F      0.45908  0.45908  0.45908  0.45908  0.45908  0.00000  0.73021  0.73021  1.48437  1.48437  1.48437  1.48437  1.48437  1.48437  1.48437  1.68010  1.68010  1.68010  1.68010  1.68010  1.68010  2.25844  1.25849  0.43142  0.45235  0.42188  0.34602  0.22954  0.66074  0.36510  1.48060  1.36426  1.30387  1.26933  1.33822  0.99970  0.74218  1.60301  1.67634  1.64048  1.52015  1.44662  0.84005  1.12922  1.12927
G      0.73021  0.73021  0.73021  0.73021  0.73021  0.73021  0.00000  0.13895  1.48437  1.48437  1.48437  1.48437  1.48437  1.48437  1.48437  1.68010  1.68010  1.68010  1.68010  1.68010  1.68010  2.25844  1.25849  0.70255  0.72348  0.69300  0.61715  0.50067  0.06947  0.36510  1.48060  1.36426  1.30387  1.26933  1.33822  0.99970  0.74218  1.60301  1.67634  1.64048  1.52015  1.44662  0.84005  1.12922  1.12927
H      0.73021  0.73021  0.73021  0.73021  0.73021  0.73021  0.13895  0.00000  1.48437  1.48437  1.48437  1.48437  1.48437  1.48437  1.48437  1.68010  1.68010  1.68010  1.68010  1.68010  1.68010  2.25844  1.25849  0.70255  0.72348  0.69300  0.61715  0.50067  0.06947  0.36510  1.48060  1.36426  1.30387  1.26933  1.33822  0.99970  0.74218  1.60301  1.67634  1.64048  1.52015  1.44662  0.84005  1.12922  1.12927
I      1.48437  1.48437  1.48437  1.48437  1.48437  1.48437  1.48437  1.48437  0.00000  0.00753  0.24022  0.43008  0.43008  0.96934  0.96934  1.68010  1.68010  1.68010  1.68010  1.68010  1.68010  2.25844  1.25849  1.45671  1.47764  1.44716  1.37131  1.25483  1.41489  1.11926  0.00377  0.12011  0.24958  0.21504  0.82319  0.48467  0.74218  1.60301  1.67634  1.64048  1.52015  1.44662  0.84005  1.12922  1.12927
J      1.48437  1.48437  1.48437  1.48437  1.48437  1.48437  1.48437  1.48437  0.00753  0.00000  0.24022  0.43008  0.43008  0.96934  0.96934  1.68010  1.68010  1.68010  1.68010  1.68010  1.68010  2.25844  1.25849  1.45671  1.47764  1.44716  1.37131  1.25483  1.41489  1.11926  0.00377  0.12011  0.24958  0.21504  0.82319  0.48467  0.74218  1.60301  1.67634  1.64048  1.52015  1.44662  0.84005  1.12922  1.12927
K      1.48437  1.48437  1.48437  1.48437  1.48437  1.48437  1.48437  1.48437  0.24022  0.24022  0.00000  0.43008  0.43008  0.96934  0.96934  1.68010  1.68010  1.68010  1.68010  1.68010  1.68010  2.25844  1.25849  1.45671  1.47764  1.44716  1.37131  1.25483  1.41489  1.11926  0.23645  0.12011  0.24958  0.21504  0.82319  0.48467  0.74218  1.60301  1.67634  1.64048  1.52015  1.44662  0.84005  1.12922  1.12927
L      1.48437  1.48437  1.48437  1.48437  1.48437  1.48437  1.48437  1.48437  0.43008  0.43008  0.43008  0.00000  0.36099  0.96934  0.96934  1.68010  1.68010  1.68010  1.68010  1.68010  1.68010  2.25844  1.25849  1.45671  1.47764  1.44716  1.37131  1.25483  1.41489  1.11926  0.42631  0.30997  0.18050  0.21504  0.82319  0.48467  0.74218  1.60301  1.67634  1.64048  1.52015  1.44662  0.84005  1.12922  1.12927
M      1.48437  1.48437  1.48437  1.48437  1.48437  1.48437  1.48437  1.48437  0.43008  0.43008  0.43008  0.36099  0.00000  0.96934  0.96934  1.68010  1.68010  1.68010  1.68010  1.68010  1.68010  2.25844  1.25849  1.45671  1.47764  1.44716  1.37131  1.25483  1.41489  1.11926  0.42631  0.30997  0.18050  0.21504  0.82319  0.48467  0.74218  1.60301  1.67634  1.64048  1.52015  1.44662  0.84005  1.12922  1.12927
N      1.48437  1.48437  1.48437  1.48437  1.48437  1.48437  1.48437  1.48437  0.96934  0.96934  0.96934  0.96934  0.96934  0.00000  0.29229  1.68010  1.68010  1.68010  1.68010  1.68010  1.68010  2.25844  1.25849  1.45671  1.47764  1.44716  1.37131  1.25483  1.41489  1.11926  0.96557  0.84923  0.78884  0.75430  0.14615  0.48467  0.74218  1.60301  1.67634  1.64048  1.52015  1.44662  0.84005  1.12922  1.12927
O      1.48437  1.48437  1.48437  1.48437  1.48437  1.48437  1.48437  1.48437  0.96934  0.96934  0.96934  0.96934  0.96934  0.29229  0.00000  1.68010  1.68010  1.68010  1.68010  1.68010  1.68010  2.25844  1.25849  1.45671  1.47764  1.44716  1.37131  1.25483  1.41489  1.11926  0.96557  0.84923  0.78884  0.75430  0.14615  0.48467  0.74218  1.60301  1.67634  1.64048  1.52015  1.44662  0.84005  1.12922  1.12927
P      1.68010  1.68010  1.68010  1.68010  1.68010  1.68010  1.68010  1.68010  1.68010  1.68010  1.68010  1.68010  1.68010  1.68010  1.68010  0.00000  0.15420  0.46697  0.46697  0.46697  0.46697  2.25844  1.25849  1.65244  1.67337  1.64290  1.56704  1.45056  1.61063  1.31500  1.67634  1.55999  1.49961  1.46506  1.53396  1.19543  0.93792  0.07710  0.46321  0.42735  0.30702  0.23348  0.84005  1.12922  1.12927
Q      1.68010  1.68010  1.68010  1.68010  1.68010  1.68010  1.68010  1.68010  1.68010  1.68010  1.68010  1.68010  1.68010  1.68010  1.68010  0.15420  0.00000  0.46697  0.46697  0.46697  0.46697  2.25844  1.25849  1.65244  1.67337  1.64290  1.56704  1.45056  1.61063  1.31500  1.67634  1.55999  1.49961  1.46506  1.53396  1.19543  0.93792  0.07710  0.46321  0.42735  0.30702  0.23348  0.84005  1.12922  1.12927
S      1.68010  1.68010  1.68010  1.68010  1.68010  1.68010  1.68010  1.68010  1.68010  1.68010  1.68010  1.68010  1.68010  1.68010  1.68010  0.46697  0.46697  0.00000  0.00752  0.07925  0.31990  2.25844  1.25849  1.65244  1.67337  1.64290  1.56704  1.45056  1.61063  1.31500  1.67634  1.55999  1.49961  1.46506  1.53396  1.19543  0.93792  0.38987  0.00376  0.03962  0.15995  0.23348  0.84005  1.12922  1.12927
T      1.68010  1.68010  1.68010  1.68010  1.68010  1.68010  1.68010  1.68010  1.68010  1.68010  1.68010  1.68010  1.68010  1.68010  1.68010  0.46697  0.46697  0.00752  0.00000  0.07925  0.31990  2.25844  1.25849  1.65244  1.67337  1.64290  1.56704  1.45056  1.61063  1.31500  1.67634  1.55999  1.49961  1.46506  1.53396  1.19543  0.93792  0.38987  0.00376  0.03962  0.15995  0.23348  0.84005  1.12922  1.12927
U      1.68010  1.68010  1.68010  1.68010  1.68010  1.68010  1.68010  1.68010  1.68010  1.68010  1.68010  1.68010  1.68010  1.68010  1.68010  0.46697  0.46697  0.07925  0.07925  0.00000  0.31990  2.25844  1.25849  1.65244  1.67337  1.64290  1.56704  1.45056  1.61063  1.31500  1.67634  1.55999  1.49961  1.46506  1.53396  1.19543  0.93792  0.38987  0.07549  0.03962  0.15995  0.23348  0.84005  1.12922  1.12927
R      1.68010  1.68010  1.68010  1.68010  1.68010  1.68010  1.68010  1.68010  1.68010  1.68010  1.68010  1.68010  1.68010  1.68010  1.68010  0.46697  0.46697  0.31990  0.31990  0.31990  0.00000  2.25844  1.25849  1.65244  1.67337  1.64290  1.56704  1.45056  1.61063  1.31500  1.67634  1.55999  1.49961  1.46506  1.53396  1.19543  0.93792  0.38987  0.31614  0.28028  0.15995  0.23348  0.84005  1.12922  1.12927
V      2.25844  2.25844  2.25844  2.25844  2.25844  2.25844  2.25844  2.25844  2.25844  2.25844  2.25844  2.25844  2.25844  2.25844  2.25844  2.25844  2.25844  2.25844  2.25844  2.25844  2.25844  0.00000  1.25849  2.23078  2.25171  2.22124  2.14538  2.02890  2.18897  1.89334  2.25468  2.13833  2.07795  2.04340  2.11230  1.77377  1.51626  2.18135  2.25468  2.21882  2.09849  2.02496  1.41839  1.12922  1.12927
Root  1.25849  1.25849  1.25849  1.25849  1.25849  1.25849  1.25849  1.25849  1.25849  1.25849  1.25849  1.25849  1.25849  1.25849  1.25849  1.25849  1.25849  1.25849  1.25849  1.25849  1.25849  1.25849  0.00000  1.23083  1.25176  1.22129  1.14543  1.02895  1.18902  0.89339  1.25473  1.13838  1.07800  1.04345  1.11235  0.77382  0.51631  1.18140  1.25473  1.21887  1.09854  1.02501  0.41844  0.12927  0.12922
24  0.02766  0.02766  0.19846  0.19846  0.19846  0.43142  0.70255  0.70255  1.45671  1.45671  1.45671  1.45671  1.45671  1.45671  1.45671  1.65244  1.65244  1.65244  1.65244  1.65244  1.65244  2.23078  1.23083  0.00000  0.19173  0.16125  0.08540  0.20188  0.63308  0.33744  1.45294  1.33660  1.27621  1.24167  1.31056  0.97204  0.71452  1.57535  1.64868  1.61282  1.49249  1.41896  0.81239  1.10156  1.10161
25  0.21939  0.21939  0.00673  0.00673  0.06769  0.45235  0.72348  0.72348  1.47764  1.47764  1.47764  1.47764  1.47764  1.47764  1.47764  1.67337  1.67337  1.67337  1.67337  1.67337  1.67337  2.25171  1.25176  0.19173  0.00000  0.03048  0.10633  0.22281  0.65401  0.35837  1.47387  1.35753  1.29714  1.26260  1.33149  0.99297  0.73545  1.59628  1.66961  1.63375  1.51342  1.43989  0.83332  1.12249  1.12254
26  0.18891  0.18891  0.03721  0.03721  0.03721  0.42188  0.69300  0.69300  1.44716  1.44716  1.44716  1.44716  1.44716  1.44716  1.44716  1.64290  1.64290  1.64290  1.64290  1.64290  1.64290  2.22124  1.22129  0.16125  0.03048  0.00000  0.07585  0.19233  0.62353  0.32790  1.44339  1.32705  1.26666  1.23212  1.30101  0.96249  0.70498  1.56580  1.63913  1.60327  1.48294  1.40941  0.80284  1.09201  1.09206
27  0.11306  0.11306  0.11306  0.11306  0.11306  0.34602  0.61715  0.61715  1.37131  1.37131  1.37131  1.37131  1.37131  1.37131  1.37131  1.56704  1.56704  1.56704  1.56704  1.56704  1.56704  2.14538  1.14543  0.08540  0.10633  0.07585  0.00000  0.11648  0.54768  0.25205  1.36754  1.25120  1.19081  1.15627  1.22516  0.88664  0.62912  1.48995  1.56328  1.52742  1.40709  1.33356  0.72699  1.01616  1.01621
28  0.22954  0.22954  0.22954  0.22954  0.22954  0.22954  0.50067  0.50067  1.25483  1.25483  1.25483  1.25483  1.25483  1.25483  1.25483  1.45056  1.45056  1.45056  1.45056  1.45056  1.45056  2.02890  1.02895  0.20188  0.22281  0.19233  0.11648  0.00000  0.43119  0.13556  1.25106  1.13472  1.07433  1.03979  1.10868  0.77016  0.51264  1.37346  1.44680  1.41094  1.29061  1.21708  0.61051  0.89968  0.89973
29  0.66074  0.66074  0.66074  0.66074  0.66074  0.66074  0.06947  0.06947  1.41489  1.41489  1.41489  1.41489  1.41489  1.41489  1.41489  1.61063  1.61063  1.61063  1.61063  1.61063  1.61063  2.18897  1.18902  0.63308  0.65401  0.62353  0.54768  0.43119  0.00000  0.29563  1.41113  1.29478  1.23440  1.19985  1.26875  0.93022  0.67271  1.53353  1.60687  1.57101  1.45068  1.37715  0.77058  1.05975  1.05980
30  0.36510  0.36510  0.36510  0.36510  0.36510  0.36510  0.36510  0.36510  1.11926  1.11926  1.11926  1.11926  1.11926  1.11926  1.11926  1.31500  1.31500  1.31500  1.31500  1.31500  1.31500  1.89334  0.89339  0.33744  0.35837  0.32790  0.25205  0.13556  0.29563  0.00000  1.11550  0.99915  0.93877  0.90422  0.97312  0.63459  0.37708  1.23790  1.31124  1.27538  1.15505  1.08151  0.47495  0.76412  0.76417
31  1.48060  1.48060  1.48060  1.48060  1.48060  1.48060  1.48060  1.48060  0.00377  0.00377  0.23645  0.42631  0.42631  0.96557  0.96557  1.67634  1.67634  1.67634  1.67634  1.67634  1.67634  2.25468  1.25473  1.45294  1.47387  1.44339  1.36754  1.25106  1.41113  1.11550  0.00000  0.11634  0.24582  0.21127  0.81943  0.48090  0.73842  1.59924  1.67258  1.63671  1.51639  1.44285  0.83629  1.12546  1.12551
32  1.36426  1.36426  1.36426  1.36426  1.36426  1.36426  1.36426  1.36426  0.12011  0.12011  0.12011  0.30997  0.30997  0.84923  0.84923  1.55999  1.55999  1.55999  1.55999  1.55999  1.55999  2.13833  1.13838  1.33660  1.35753  1.32705  1.25120  1.13472  1.29478  0.99915  0.11634  0.00000  0.12947  0.09493  0.70308  0.36456  0.62207  1.48290  1.55623  1.52037  1.40004  1.32651  0.71994  1.00911  1.00916
33  1.30387  1.30387  1.30387  1.30387  1.30387  1.30387  1.30387  1.30387  0.24958  0.24958  0.24958  0.18050  0.18050  0.78884  0.78884  1.49961  1.49961  1.49961  1.49961  1.49961  1.49961  2.07795  1.07800  1.27621  1.29714  1.26666  1.19081  1.07433  1.23440  0.93877  0.24582  0.12947  0.00000  0.03454  0.64270  0.30417  0.56169  1.42251  1.49585  1.45998  1.33965  1.26612  0.65955  0.94872  0.94877
34  1.26933  1.26933  1.26933  1.26933  1.26933  1.26933  1.26933  1.26933  0.21504  0.21504  0.21504  0.21504  0.21504  0.75430  0.75430  1.46506  1.46506  1.46506  1.46506  1.46506  1.46506  2.04340  1.04345  1.24167  1.26260  1.23212  1.15627  1.03979  1.19985  0.90422  0.21127  0.09493  0.03454  0.00000  0.60815  0.26963  0.52714  1.38797  1.46130  1.42544  1.30511  1.23158  0.62501  0.91418  0.91423
35  1.33822  1.33822  1.33822  1.33822  1.33822  1.33822  1.33822  1.33822  0.82319  0.82319  0.82319  0.82319  0.82319  0.14615  0.14615  1.53396  1.53396  1.53396  1.53396  1.53396  1.53396  2.11230  1.11235  1.31056  1.33149  1.30101  1.22516  1.10868  1.26875  0.97312  0.81943  0.70308  0.64270  0.60815  0.00000  0.33852  0.59604  1.45686  1.53020  1.49433  1.37401  1.30047  0.69391  0.98308  0.98313
36  0.99970  0.99970  0.99970  0.99970  0.99970  0.99970  0.99970  0.99970  0.48467  0.48467  0.48467  0.48467  0.48467  0.48467  0.48467  1.19543  1.19543  1.19543  1.19543  1.19543  1.19543  1.77377  0.77382  0.97204  0.99297  0.96249  0.88664  0.77016  0.93022  0.63459  0.48090  0.36456  0.30417  0.26963  0.33852  0.00000  0.25751  1.11834  1.19167  1.15581  1.03548  0.96195  0.35538  0.64455  0.64460
37  0.74218  0.74218  0.74218  0.74218  0.74218  0.74218  0.74218  0.74218  0.74218  0.74218  0.74218  0.74218  0.74218  0.74218  0.74218  0.93792  0.93792  0.93792  0.93792  0.93792  0.93792  1.51626  0.51631  0.71452  0.73545  0.70498  0.62912  0.51264  0.67271  0.37708  0.73842  0.62207  0.56169  0.52714  0.59604  0.25751  0.00000  0.86082  0.93416  0.89830  0.77797  0.70444  0.09787  0.38704  0.38709
38  1.60301  1.60301  1.60301  1.60301  1.60301  1.60301  1.60301  1.60301  1.60301  1.60301  1.60301  1.60301  1.60301  1.60301  1.60301  0.07710  0.07710  0.38987  0.38987  0.38987  0.38987  2.18135  1.18140  1.57535  1.59628  1.56580  1.48995  1.37346  1.53353  1.23790  1.59924  1.48290  1.42251  1.38797  1.45686  1.11834  0.86082  0.00000  0.38611  0.35025  0.22992  0.15639  0.76295  1.05212  1.05217
39  1.67634  1.67634  1.67634  1.67634  1.67634  1.67634  1.67634  1.67634  1.67634  1.67634  1.67634  1.67634  1.67634  1.67634  1.67634  0.46321  0.46321  0.00376  0.00376  0.07549  0.31614  2.25468  1.25473  1.64868  1.66961  1.63913  1.56328  1.44680  1.60687  1.31124  1.67258  1.55623  1.49585  1.46130  1.53020  1.19167  0.93416  0.38611  0.00000  0.03586  0.15619  0.22972  0.83629  1.12546  1.12551
40  1.64048  1.64048  1.64048  1.64048  1.64048  1.64048  1.64048  1.64048  1.64048  1.64048  1.64048  1.64048  1.64048  1.64048  1.64048  0.42735  0.42735  0.03962  0.03962  0.03962  0.28028  2.21882  1.21887  1.61282  1.63375  1.60327  1.52742  1.41094  1.57101  1.27538  1.63671  1.52037  1.45998  1.42544  1.49433  1.15581  0.89830  0.35025  0.03586  0.00000  0.12033  0.19386  0.80043  1.08960  1.08965
41  1.52015  1.52015  1.52015  1.52015  1.52015  1.52015  1.52015  1.52015  1.52015  1.52015  1.52015  1.52015  1.52015  1.52015  1.52015  0.30702  0.30702  0.15995  0.15995  0.15995  0.15995  2.09849  1.09854  1.49249  1.51342  1.48294  1.40709  1.29061  1.45068  1.15505  1.51639  1.40004  1.33965  1.30511  1.37401  1.03548  0.77797  0.22992  0.15619  0.12033  0.00000  0.07353  0.68010  0.96927  0.96932
42  1.44662  1.44662  1.44662  1.44662  1.44662  1.44662  1.44662  1.44662  1.44662  1.44662  1.44662  1.44662  1.44662  1.44662  1.44662  0.23348  0.23348  0.23348  0.23348  0.23348  0.23348  2.02496  1.02501  1.41896  1.43989  1.40941  1.33356  1.21708  1.37715  1.08151  1.44285  1.32651  1.26612  1.23158  1.30047  0.96195  0.70444  0.15639  0.22972  0.19386  0.07353  0.00000  0.60657  0.89574  0.89579
43  0.84005  0.84005  0.84005  0.84005  0.84005  0.84005  0.84005  0.84005  0.84005  0.84005  0.84005  0.84005  0.84005  0.84005  0.84005  0.84005  0.84005  0.84005  0.84005  0.84005  0.84005  1.41839  0.41844  0.81239  0.83332  0.80284  0.72699  0.61051  0.77058  0.47495  0.83629  0.71994  0.65955  0.62501  0.69391  0.35538  0.09787  0.76295  0.83629  0.80043  0.68010  0.60657  0.00000  0.28917  0.28922
44  1.12922  1.12922  1.12922  1.12922  1.12922  1.12922  1.12922  1.12922  1.12922  1.12922  1.12922  1.12922  1.12922  1.12922  1.12922  1.12922  1.12922  1.12922  1.12922  1.12922  1.12922  1.12922  0.12927  1.10156  1.12249  1.09201  1.01616  0.89968  1.05975  0.76412  1.12546  1.00911  0.94872  0.91418  0.98308  0.64455  0.38704  1.05212  1.12546  1.08960  0.96927  0.89574  0.28917  0.00000  0.00005
45  1.12927  1.12927  1.12927  1.12927  1.12927  1.12927  1.12927  1.12927  1.12927  1.12927  1.12927  1.12927  1.12927  1.12927  1.12927  1.12927  1.12927  1.12927  1.12927  1.12927  1.12927  1.12927  0.12922  1.10161  1.12254  1.09206  1.01621  0.89973  1.05980  0.76417  1.12551  1.00916  0.94877  0.91423  0.98313  0.64460  0.38709  1.05217  1.12551  1.08965  0.96932  0.89579  0.28922  0.00005  0.00000