
5
A  0.00000  0.05532  0.22612  0.22612  0.22612  0.02766  0.21939  0.18891  0.11306
B  0.05532  0.00000  0.22612  0.22612  0.22612  0.02766  0.21939  0.18891  0.11306
C  0.22612  0.22612  0.00000  0.01346  0.07442  0.19846  0.00673  0.03721  0.11306
D  0.22612  0.22612  0.01346  0.00000  0.07442  0.19846  0.00673  0.03721  0.11306
E  0.22612  0.22612  0.07442  0.07442  0.00000  0.19846  0.06769  0.03721  0.11306
6  0.02766  0.02766  0.19846  0.19846  0.19846  0.00000  0.19173  0.16125  0.08540
7  0.21939  0.21939  0.00673  0.00673  0.06769  0.19173  0.00000  0.03048  0.10633
8  0.18891  0.18891  0.03721  0.03721  0.03721  0.16125  0.03048  0.00000  0.07585
9  0.11306  0.11306  0.11306  0.11306  0.11306  0.08540  0.10633  0.07585  0.00000